<?xml version="1.0"?>
<opencv_storage>
<bits>12</bits>
<uniformPattern type_id="opencv-matrix">
  <rows>1</rows>
  <cols>134</cols>
  <dt>f</dt>
  <data>
    0. 1.40129846e-45 2.80259693e-45 4.20389539e-45 5.60519386e-45
    8.40779079e-45 9.80908925e-45 1.12103877e-44 1.68155816e-44
    1.96181785e-44 2.10194770e-44 2.24207754e-44 3.36311631e-44
    3.92363570e-44 4.20389539e-44 4.34402524e-44 4.48415509e-44
    6.72623263e-44 7.84727140e-44 8.40779079e-44 8.68805048e-44
    8.82818033e-44 8.96831017e-44 1.34524653e-43 1.56945428e-43
    1.68155816e-43 1.73761010e-43 1.76563607e-43 1.77964905e-43
    1.79366203e-43 2.69049305e-43 3.13890856e-43 3.36311631e-43
    3.47522019e-43 3.53127213e-43 3.55929810e-43 3.57331108e-43
    3.58732407e-43 5.38098610e-43 6.27781712e-43 6.72623263e-43
    6.95044038e-43 7.06254426e-43 7.11859620e-43 7.14662217e-43
    7.16063515e-43 7.17464814e-43 1.07619722e-42 1.25556342e-42
    1.34524653e-42 1.39008808e-42 1.41250885e-42 1.42371924e-42
    1.42932443e-42 1.43212703e-42 1.43352833e-42 1.43492963e-42
    2.15239444e-42 2.51112685e-42 2.69049305e-42 2.78017615e-42
    2.82501770e-42 2.84743848e-42 2.85864887e-42 2.86425406e-42
    2.86705666e-42 2.86845796e-42 2.86985925e-42 2.87126055e-42
    2.87406315e-42 2.87966834e-42 2.89087873e-42 2.91329951e-42
    2.95814106e-42 3.04782416e-42 3.22719036e-42 3.58592277e-42
    4.30338758e-42 4.30478888e-42 4.30619018e-42 4.30899278e-42
    4.31459797e-42 4.32580836e-42 4.34822913e-42 4.39307069e-42
    4.48275379e-42 4.66211999e-42 5.02085240e-42 5.02225370e-42
    5.02365499e-42 5.02645759e-42 5.03206279e-42 5.04327317e-42
    5.06569395e-42 5.11053550e-42 5.20021860e-42 5.37958480e-42
    5.38098610e-42 5.38238740e-42 5.38519000e-42 5.39079519e-42
    5.40200558e-42 5.42442636e-42 5.46926791e-42 5.55895101e-42
    5.56035231e-42 5.56175360e-42 5.56455620e-42 5.57016140e-42
    5.58137178e-42 5.60379256e-42 5.64863411e-42 5.65003541e-42
    5.65143671e-42 5.65423930e-42 5.65984450e-42 5.67105489e-42
    5.69347566e-42 5.69487696e-42 5.69627826e-42 5.69908085e-42
    5.70468605e-42 5.71589644e-42 5.71729773e-42 5.71869903e-42
    5.72150163e-42 5.72710682e-42 5.72850812e-42 5.72990942e-42
    5.73271202e-42 5.73411332e-42 5.73551461e-42 5.73691591e-42
    5.73831721e-42</data></uniformPattern>
</opencv_storage>
