<?xml version="1.0"?>
<opencv_storage>
<bits>3</bits>
<uniformPattern type_id="opencv-matrix">
  <rows>1</rows>
  <cols>8</cols>
  <dt>f</dt>
  <data>
    0. 1.40129846e-45 2.80259693e-45 4.20389539e-45 5.60519386e-45
    7.00649232e-45 8.40779079e-45 9.80908925e-45</data></uniformPattern>
</opencv_storage>
