<?xml version="1.0"?>
<opencv_storage>
<bits>10</bits>
<uniformPattern type_id="opencv-matrix">
  <rows>1</rows>
  <cols>92</cols>
  <dt>f</dt>
  <data>
    0. 1.40129846e-45 2.80259693e-45 4.20389539e-45 5.60519386e-45
    8.40779079e-45 9.80908925e-45 1.12103877e-44 1.68155816e-44
    1.96181785e-44 2.10194770e-44 2.24207754e-44 3.36311631e-44
    3.92363570e-44 4.20389539e-44 4.34402524e-44 4.48415509e-44
    6.72623263e-44 7.84727140e-44 8.40779079e-44 8.68805048e-44
    8.82818033e-44 8.96831017e-44 1.34524653e-43 1.56945428e-43
    1.68155816e-43 1.73761010e-43 1.76563607e-43 1.77964905e-43
    1.79366203e-43 2.69049305e-43 3.13890856e-43 3.36311631e-43
    3.47522019e-43 3.53127213e-43 3.55929810e-43 3.57331108e-43
    3.58732407e-43 5.38098610e-43 6.27781712e-43 6.72623263e-43
    6.95044038e-43 7.06254426e-43 7.11859620e-43 7.14662217e-43
    7.16063515e-43 7.17464814e-43 7.18866112e-43 7.21668709e-43
    7.27273903e-43 7.38484291e-43 7.60905066e-43 8.05746617e-43
    8.95429719e-43 1.07479592e-42 1.07619722e-42 1.07759852e-42
    1.08040112e-42 1.08600631e-42 1.09721670e-42 1.11963747e-42
    1.16447902e-42 1.25416213e-42 1.25556342e-42 1.25696472e-42
    1.25976732e-42 1.26537251e-42 1.27658290e-42 1.29900368e-42
    1.34384523e-42 1.34524653e-42 1.34664782e-42 1.34945042e-42
    1.35505562e-42 1.36626600e-42 1.38868678e-42 1.39008808e-42
    1.39148938e-42 1.39429197e-42 1.39989717e-42 1.41110755e-42
    1.41250885e-42 1.41391015e-42 1.41671275e-42 1.42231794e-42
    1.42371924e-42 1.42512054e-42 1.42792314e-42 1.42932443e-42
    1.43072573e-42 1.43212703e-42 1.43352833e-42</data></uniformPattern>
</opencv_storage>
