<?xml version="1.0"?>
<opencv_storage>
<bits>7</bits>
<uniformPattern type_id="opencv-matrix">
  <rows>1</rows>
  <cols>44</cols>
  <dt>f</dt>
  <data>
    0. 1.40129846e-45 2.80259693e-45 4.20389539e-45 5.60519386e-45
    8.40779079e-45 9.80908925e-45 1.12103877e-44 1.68155816e-44
    1.96181785e-44 2.10194770e-44 2.24207754e-44 3.36311631e-44
    3.92363570e-44 4.20389539e-44 4.34402524e-44 4.48415509e-44
    6.72623263e-44 7.84727140e-44 8.40779079e-44 8.68805048e-44
    8.82818033e-44 8.96831017e-44 9.10844002e-44 9.38869971e-44
    9.94921910e-44 1.10702579e-43 1.33123354e-43 1.34524653e-43
    1.35925951e-43 1.38728548e-43 1.44333742e-43 1.55544130e-43
    1.56945428e-43 1.58346726e-43 1.61149323e-43 1.66754517e-43
    1.68155816e-43 1.69557114e-43 1.72359711e-43 1.73761010e-43
    1.75162308e-43 1.76563607e-43 1.77964905e-43</data></uniformPattern>
</opencv_storage>
