<?xml version="1.0"?>
<opencv_storage>
<bits>16</bits>
<uniformPattern type_id="opencv-matrix">
  <rows>1</rows>
  <cols>242</cols>
  <dt>f</dt>
  <data>
    0. 1.40129846e-45 2.80259693e-45 4.20389539e-45 5.60519386e-45
    8.40779079e-45 9.80908925e-45 1.12103877e-44 1.68155816e-44
    1.96181785e-44 2.10194770e-44 2.24207754e-44 3.36311631e-44
    3.92363570e-44 4.20389539e-44 4.34402524e-44 4.48415509e-44
    6.72623263e-44 7.84727140e-44 8.40779079e-44 8.68805048e-44
    8.82818033e-44 8.96831017e-44 1.34524653e-43 1.56945428e-43
    1.68155816e-43 1.73761010e-43 1.76563607e-43 1.77964905e-43
    1.79366203e-43 2.69049305e-43 3.13890856e-43 3.36311631e-43
    3.47522019e-43 3.53127213e-43 3.55929810e-43 3.57331108e-43
    3.58732407e-43 5.38098610e-43 6.27781712e-43 6.72623263e-43
    6.95044038e-43 7.06254426e-43 7.11859620e-43 7.14662217e-43
    7.16063515e-43 7.17464814e-43 1.07619722e-42 1.25556342e-42
    1.34524653e-42 1.39008808e-42 1.41250885e-42 1.42371924e-42
    1.42932443e-42 1.43212703e-42 1.43352833e-42 1.43492963e-42
    2.15239444e-42 2.51112685e-42 2.69049305e-42 2.78017615e-42
    2.82501770e-42 2.84743848e-42 2.85864887e-42 2.86425406e-42
    2.86705666e-42 2.86845796e-42 2.86985925e-42 4.30478888e-42
    5.02225370e-42 5.38098610e-42 5.56035231e-42 5.65003541e-42
    5.69487696e-42 5.71729773e-42 5.72850812e-42 5.73411332e-42
    5.73691591e-42 5.73831721e-42 5.73971851e-42 8.60957776e-42
    1.00445074e-41 1.07619722e-41 1.11207046e-41 1.13000708e-41
    1.13897539e-41 1.14345955e-41 1.14570162e-41 1.14682266e-41
    1.14738318e-41 1.14766344e-41 1.14780357e-41 1.14794370e-41
    1.72191555e-41 2.00890148e-41 2.15239444e-41 2.22414092e-41
    2.26001416e-41 2.27795078e-41 2.28691909e-41 2.29140325e-41
    2.29364533e-41 2.29476637e-41 2.29532688e-41 2.29560714e-41
    2.29574727e-41 2.29588740e-41 3.44383111e-41 4.01780296e-41
    4.30478888e-41 4.44828185e-41 4.52002833e-41 4.55590157e-41
    4.57383819e-41 4.58280650e-41 4.58729065e-41 4.58953273e-41
    4.59065377e-41 4.59121429e-41 4.59149455e-41 4.59163468e-41
    4.59177481e-41 4.59191494e-41 4.59219520e-41 4.59275572e-41
    4.59387676e-41 4.59611883e-41 4.60060299e-41 4.60957130e-41
    4.62750792e-41 4.66338116e-41 4.73512764e-41 4.87862060e-41
    5.16560653e-41 5.73957838e-41 6.88752208e-41 6.88766221e-41
    6.88780234e-41 6.88808260e-41 6.88864312e-41 6.88976416e-41
    6.89200624e-41 6.89649039e-41 6.90545870e-41 6.92339532e-41
    6.95926856e-41 7.03101504e-41 7.17450801e-41 7.46149393e-41
    8.03546578e-41 8.03560591e-41 8.03574604e-41 8.03602630e-41
    8.03658682e-41 8.03770786e-41 8.03994994e-41 8.04443409e-41
    8.05340240e-41 8.07133902e-41 8.10721227e-41 8.17895875e-41
    8.32245171e-41 8.60943763e-41 8.60957776e-41 8.60971789e-41
    8.60999815e-41 8.61055867e-41 8.61167971e-41 8.61392179e-41
    8.61840595e-41 8.62737426e-41 8.64531088e-41 8.68118412e-41
    8.75293060e-41 8.89642356e-41 8.89656369e-41 8.89670382e-41
    8.89698408e-41 8.89754460e-41 8.89866564e-41 8.90090772e-41
    8.90539187e-41 8.91436018e-41 8.93229680e-41 8.96817004e-41
    9.03991652e-41 9.04005665e-41 9.04019678e-41 9.04047704e-41
    9.04103756e-41 9.04215860e-41 9.04440068e-41 9.04888483e-41
    9.05785314e-41 9.07578976e-41 9.11166300e-41 9.11180313e-41
    9.11194326e-41 9.11222352e-41 9.11278404e-41 9.11390508e-41
    9.11614716e-41 9.12063131e-41 9.12959962e-41 9.14753625e-41
    9.14767638e-41 9.14781650e-41 9.14809676e-41 9.14865728e-41
    9.14977832e-41 9.15202040e-41 9.15650456e-41 9.16547287e-41
    9.16561300e-41 9.16575313e-41 9.16603338e-41 9.16659390e-41
    9.16771494e-41 9.16995702e-41 9.17444118e-41 9.17458131e-41
    9.17472144e-41 9.17500170e-41 9.17556221e-41 9.17668325e-41
    9.17892533e-41 9.17906546e-41 9.17920559e-41 9.17948585e-41
    9.18004637e-41 9.18116741e-41 9.18130754e-41 9.18144767e-41
    9.18172793e-41 9.18228845e-41 9.18242858e-41 9.18256871e-41
    9.18284897e-41 9.18298910e-41 9.18312923e-41 9.18326936e-41
    9.18340949e-41</data></uniformPattern>
</opencv_storage>
