<?xml version="1.0"?>
<opencv_storage>
<bits>9</bits>
<uniformPattern type_id="opencv-matrix">
  <rows>1</rows>
  <cols>74</cols>
  <dt>f</dt>
  <data>
    0. 1.40129846e-45 2.80259693e-45 4.20389539e-45 5.60519386e-45
    8.40779079e-45 9.80908925e-45 1.12103877e-44 1.68155816e-44
    1.96181785e-44 2.10194770e-44 2.24207754e-44 3.36311631e-44
    3.92363570e-44 4.20389539e-44 4.34402524e-44 4.48415509e-44
    6.72623263e-44 7.84727140e-44 8.40779079e-44 8.68805048e-44
    8.82818033e-44 8.96831017e-44 1.34524653e-43 1.56945428e-43
    1.68155816e-43 1.73761010e-43 1.76563607e-43 1.77964905e-43
    1.79366203e-43 2.69049305e-43 3.13890856e-43 3.36311631e-43
    3.47522019e-43 3.53127213e-43 3.55929810e-43 3.57331108e-43
    3.58732407e-43 3.60133705e-43 3.62936302e-43 3.68541496e-43
    3.79751884e-43 4.02172659e-43 4.47014210e-43 5.36697312e-43
    5.38098610e-43 5.39499909e-43 5.42302506e-43 5.47907700e-43
    5.59118087e-43 5.81538863e-43 6.26380414e-43 6.27781712e-43
    6.29183010e-43 6.31985607e-43 6.37590801e-43 6.48801189e-43
    6.71221964e-43 6.72623263e-43 6.74024561e-43 6.76827158e-43
    6.82432352e-43 6.93642740e-43 6.95044038e-43 6.96445337e-43
    6.99247934e-43 7.04853128e-43 7.06254426e-43 7.07655724e-43
    7.10458321e-43 7.11859620e-43 7.13260918e-43 7.14662217e-43
    7.16063515e-43</data></uniformPattern>
</opencv_storage>
