<?xml version="1.0"?>
<opencv_storage>
<bits>15</bits>
<uniformPattern type_id="opencv-matrix">
  <rows>1</rows>
  <cols>212</cols>
  <dt>f</dt>
  <data>
    0. 1.40129846e-45 2.80259693e-45 4.20389539e-45 5.60519386e-45
    8.40779079e-45 9.80908925e-45 1.12103877e-44 1.68155816e-44
    1.96181785e-44 2.10194770e-44 2.24207754e-44 3.36311631e-44
    3.92363570e-44 4.20389539e-44 4.34402524e-44 4.48415509e-44
    6.72623263e-44 7.84727140e-44 8.40779079e-44 8.68805048e-44
    8.82818033e-44 8.96831017e-44 1.34524653e-43 1.56945428e-43
    1.68155816e-43 1.73761010e-43 1.76563607e-43 1.77964905e-43
    1.79366203e-43 2.69049305e-43 3.13890856e-43 3.36311631e-43
    3.47522019e-43 3.53127213e-43 3.55929810e-43 3.57331108e-43
    3.58732407e-43 5.38098610e-43 6.27781712e-43 6.72623263e-43
    6.95044038e-43 7.06254426e-43 7.11859620e-43 7.14662217e-43
    7.16063515e-43 7.17464814e-43 1.07619722e-42 1.25556342e-42
    1.34524653e-42 1.39008808e-42 1.41250885e-42 1.42371924e-42
    1.42932443e-42 1.43212703e-42 1.43352833e-42 1.43492963e-42
    2.15239444e-42 2.51112685e-42 2.69049305e-42 2.78017615e-42
    2.82501770e-42 2.84743848e-42 2.85864887e-42 2.86425406e-42
    2.86705666e-42 2.86845796e-42 2.86985925e-42 4.30478888e-42
    5.02225370e-42 5.38098610e-42 5.56035231e-42 5.65003541e-42
    5.69487696e-42 5.71729773e-42 5.72850812e-42 5.73411332e-42
    5.73691591e-42 5.73831721e-42 5.73971851e-42 8.60957776e-42
    1.00445074e-41 1.07619722e-41 1.11207046e-41 1.13000708e-41
    1.13897539e-41 1.14345955e-41 1.14570162e-41 1.14682266e-41
    1.14738318e-41 1.14766344e-41 1.14780357e-41 1.14794370e-41
    1.72191555e-41 2.00890148e-41 2.15239444e-41 2.22414092e-41
    2.26001416e-41 2.27795078e-41 2.28691909e-41 2.29140325e-41
    2.29364533e-41 2.29476637e-41 2.29532688e-41 2.29560714e-41
    2.29574727e-41 2.29588740e-41 2.29602753e-41 2.29630779e-41
    2.29686831e-41 2.29798935e-41 2.30023143e-41 2.30471558e-41
    2.31368389e-41 2.33162051e-41 2.36749376e-41 2.43924024e-41
    2.58273320e-41 2.86971913e-41 3.44369098e-41 3.44383111e-41
    3.44397124e-41 3.44425150e-41 3.44481201e-41 3.44593305e-41
    3.44817513e-41 3.45265929e-41 3.46162760e-41 3.47956422e-41
    3.51543746e-41 3.58718394e-41 3.73067690e-41 4.01766283e-41
    4.01780296e-41 4.01794309e-41 4.01822335e-41 4.01878387e-41
    4.01990490e-41 4.02214698e-41 4.02663114e-41 4.03559945e-41
    4.05353607e-41 4.08940931e-41 4.16115579e-41 4.30464875e-41
    4.30478888e-41 4.30492901e-41 4.30520927e-41 4.30576979e-41
    4.30689083e-41 4.30913291e-41 4.31361706e-41 4.32258537e-41
    4.34052199e-41 4.37639523e-41 4.44814172e-41 4.44828185e-41
    4.44842197e-41 4.44870223e-41 4.44926275e-41 4.45038379e-41
    4.45262587e-41 4.45711003e-41 4.46607834e-41 4.48401496e-41
    4.51988820e-41 4.52002833e-41 4.52016846e-41 4.52044872e-41
    4.52100924e-41 4.52213027e-41 4.52437235e-41 4.52885651e-41
    4.53782482e-41 4.55576144e-41 4.55590157e-41 4.55604170e-41
    4.55632196e-41 4.55688248e-41 4.55800351e-41 4.56024559e-41
    4.56472975e-41 4.57369806e-41 4.57383819e-41 4.57397832e-41
    4.57425858e-41 4.57481910e-41 4.57594014e-41 4.57818221e-41
    4.58266637e-41 4.58280650e-41 4.58294663e-41 4.58322689e-41
    4.58378741e-41 4.58490845e-41 4.58715052e-41 4.58729065e-41
    4.58743078e-41 4.58771104e-41 4.58827156e-41 4.58939260e-41
    4.58953273e-41 4.58967286e-41 4.58995312e-41 4.59051364e-41
    4.59065377e-41 4.59079390e-41 4.59107416e-41 4.59121429e-41
    4.59135442e-41 4.59149455e-41 4.59163468e-41</data></uniformPattern>
</opencv_storage>
