<?xml version="1.0"?>
<opencv_storage>
<bits>14</bits>
<uniformPattern type_id="opencv-matrix">
  <rows>1</rows>
  <cols>184</cols>
  <dt>f</dt>
  <data>
    0. 1.40129846e-45 2.80259693e-45 4.20389539e-45 5.60519386e-45
    8.40779079e-45 9.80908925e-45 1.12103877e-44 1.68155816e-44
    1.96181785e-44 2.10194770e-44 2.24207754e-44 3.36311631e-44
    3.92363570e-44 4.20389539e-44 4.34402524e-44 4.48415509e-44
    6.72623263e-44 7.84727140e-44 8.40779079e-44 8.68805048e-44
    8.82818033e-44 8.96831017e-44 1.34524653e-43 1.56945428e-43
    1.68155816e-43 1.73761010e-43 1.76563607e-43 1.77964905e-43
    1.79366203e-43 2.69049305e-43 3.13890856e-43 3.36311631e-43
    3.47522019e-43 3.53127213e-43 3.55929810e-43 3.57331108e-43
    3.58732407e-43 5.38098610e-43 6.27781712e-43 6.72623263e-43
    6.95044038e-43 7.06254426e-43 7.11859620e-43 7.14662217e-43
    7.16063515e-43 7.17464814e-43 1.07619722e-42 1.25556342e-42
    1.34524653e-42 1.39008808e-42 1.41250885e-42 1.42371924e-42
    1.42932443e-42 1.43212703e-42 1.43352833e-42 1.43492963e-42
    2.15239444e-42 2.51112685e-42 2.69049305e-42 2.78017615e-42
    2.82501770e-42 2.84743848e-42 2.85864887e-42 2.86425406e-42
    2.86705666e-42 2.86845796e-42 2.86985925e-42 4.30478888e-42
    5.02225370e-42 5.38098610e-42 5.56035231e-42 5.65003541e-42
    5.69487696e-42 5.71729773e-42 5.72850812e-42 5.73411332e-42
    5.73691591e-42 5.73831721e-42 5.73971851e-42 8.60957776e-42
    1.00445074e-41 1.07619722e-41 1.11207046e-41 1.13000708e-41
    1.13897539e-41 1.14345955e-41 1.14570162e-41 1.14682266e-41
    1.14738318e-41 1.14766344e-41 1.14780357e-41 1.14794370e-41
    1.14808383e-41 1.14836409e-41 1.14892461e-41 1.15004565e-41
    1.15228773e-41 1.15677188e-41 1.16574019e-41 1.18367681e-41
    1.21955005e-41 1.29129653e-41 1.43478950e-41 1.72177542e-41
    1.72191555e-41 1.72205568e-41 1.72233594e-41 1.72289646e-41
    1.72401750e-41 1.72625958e-41 1.73074373e-41 1.73971204e-41
    1.75764866e-41 1.79352190e-41 1.86526839e-41 2.00876135e-41
    2.00890148e-41 2.00904161e-41 2.00932187e-41 2.00988239e-41
    2.01100343e-41 2.01324550e-41 2.01772966e-41 2.02669797e-41
    2.04463459e-41 2.08050783e-41 2.15225431e-41 2.15239444e-41
    2.15253457e-41 2.15281483e-41 2.15337535e-41 2.15449639e-41
    2.15673847e-41 2.16122262e-41 2.17019093e-41 2.18812755e-41
    2.22400079e-41 2.22414092e-41 2.22428105e-41 2.22456131e-41
    2.22512183e-41 2.22624287e-41 2.22848495e-41 2.23296910e-41
    2.24193741e-41 2.25987403e-41 2.26001416e-41 2.26015429e-41
    2.26043455e-41 2.26099507e-41 2.26211611e-41 2.26435819e-41
    2.26884234e-41 2.27781065e-41 2.27795078e-41 2.27809091e-41
    2.27837117e-41 2.27893169e-41 2.28005273e-41 2.28229481e-41
    2.28677896e-41 2.28691909e-41 2.28705922e-41 2.28733948e-41
    2.28790000e-41 2.28902104e-41 2.29126312e-41 2.29140325e-41
    2.29154338e-41 2.29182364e-41 2.29238416e-41 2.29350520e-41
    2.29364533e-41 2.29378546e-41 2.29406572e-41 2.29462624e-41
    2.29476637e-41 2.29490650e-41 2.29518675e-41 2.29532688e-41
    2.29546701e-41 2.29560714e-41 2.29574727e-41</data></uniformPattern>
</opencv_storage>
