<?xml version="1.0"?>
<opencv_storage>
<bits>5</bits>
<uniformPattern type_id="opencv-matrix">
  <rows>1</rows>
  <cols>22</cols>
  <dt>f</dt>
  <data>
    0. 1.40129846e-45 2.80259693e-45 4.20389539e-45 5.60519386e-45
    8.40779079e-45 9.80908925e-45 1.12103877e-44 1.68155816e-44
    1.96181785e-44 2.10194770e-44 2.24207754e-44 2.38220739e-44
    2.66246708e-44 3.22298647e-44 3.36311631e-44 3.50324616e-44
    3.78350585e-44 3.92363570e-44 4.06376555e-44 4.20389539e-44
    4.34402524e-44</data></uniformPattern>
</opencv_storage>
