<?xml version="1.0"?>
<opencv_storage>
<bits>11</bits>
<uniformPattern type_id="opencv-matrix">
  <rows>1</rows>
  <cols>112</cols>
  <dt>f</dt>
  <data>
    0. 1.40129846e-45 2.80259693e-45 4.20389539e-45 5.60519386e-45
    8.40779079e-45 9.80908925e-45 1.12103877e-44 1.68155816e-44
    1.96181785e-44 2.10194770e-44 2.24207754e-44 3.36311631e-44
    3.92363570e-44 4.20389539e-44 4.34402524e-44 4.48415509e-44
    6.72623263e-44 7.84727140e-44 8.40779079e-44 8.68805048e-44
    8.82818033e-44 8.96831017e-44 1.34524653e-43 1.56945428e-43
    1.68155816e-43 1.73761010e-43 1.76563607e-43 1.77964905e-43
    1.79366203e-43 2.69049305e-43 3.13890856e-43 3.36311631e-43
    3.47522019e-43 3.53127213e-43 3.55929810e-43 3.57331108e-43
    3.58732407e-43 5.38098610e-43 6.27781712e-43 6.72623263e-43
    6.95044038e-43 7.06254426e-43 7.11859620e-43 7.14662217e-43
    7.16063515e-43 7.17464814e-43 1.07619722e-42 1.25556342e-42
    1.34524653e-42 1.39008808e-42 1.41250885e-42 1.42371924e-42
    1.42932443e-42 1.43212703e-42 1.43352833e-42 1.43492963e-42
    1.43633093e-42 1.43913352e-42 1.44473872e-42 1.45594910e-42
    1.47836988e-42 1.52321143e-42 1.61289453e-42 1.79226074e-42
    2.15099314e-42 2.15239444e-42 2.15379574e-42 2.15659834e-42
    2.16220353e-42 2.17341392e-42 2.19583469e-42 2.24067624e-42
    2.33035935e-42 2.50972555e-42 2.51112685e-42 2.51252815e-42
    2.51533074e-42 2.52093594e-42 2.53214633e-42 2.55456710e-42
    2.59940865e-42 2.68909175e-42 2.69049305e-42 2.69189435e-42
    2.69469695e-42 2.70030214e-42 2.71151253e-42 2.73393330e-42
    2.77877485e-42 2.78017615e-42 2.78157745e-42 2.78438005e-42
    2.78998524e-42 2.80119563e-42 2.82361641e-42 2.82501770e-42
    2.82641900e-42 2.82922160e-42 2.83482679e-42 2.84603718e-42
    2.84743848e-42 2.84883978e-42 2.85164237e-42 2.85724757e-42
    2.85864887e-42 2.86005017e-42 2.86285276e-42 2.86425406e-42
    2.86565536e-42 2.86705666e-42 2.86845796e-42</data></uniformPattern>
</opencv_storage>
