<?xml version="1.0"?>
<opencv_storage>
<bits>8</bits>
<uniformPattern type_id="opencv-matrix">
  <rows>1</rows>
  <cols>58</cols>
  <dt>f</dt>
  <data>
    0. 1.40129846e-45 2.80259693e-45 4.20389539e-45 5.60519386e-45
    8.40779079e-45 9.80908925e-45 1.12103877e-44 1.68155816e-44
    1.96181785e-44 2.10194770e-44 2.24207754e-44 3.36311631e-44
    3.92363570e-44 4.20389539e-44 4.34402524e-44 4.48415509e-44
    6.72623263e-44 7.84727140e-44 8.40779079e-44 8.68805048e-44
    8.82818033e-44 8.96831017e-44 1.34524653e-43 1.56945428e-43
    1.68155816e-43 1.73761010e-43 1.76563607e-43 1.77964905e-43
    1.79366203e-43 1.80767502e-43 1.83570099e-43 1.89175293e-43
    2.00385680e-43 2.22806456e-43 2.67648007e-43 2.69049305e-43
    2.70450604e-43 2.73253201e-43 2.78858394e-43 2.90068782e-43
    3.12489558e-43 3.13890856e-43 3.15292154e-43 3.18094751e-43
    3.23699945e-43 3.34910333e-43 3.36311631e-43 3.37712930e-43
    3.40515527e-43 3.46120721e-43 3.47522019e-43 3.48923318e-43
    3.51725915e-43 3.53127213e-43 3.54528511e-43 3.55929810e-43
    3.57331108e-43</data></uniformPattern>
</opencv_storage>
