<?xml version="1.0"?>
<opencv_storage>
<bits>6</bits>
<uniformPattern type_id="opencv-matrix">
  <rows>1</rows>
  <cols>32</cols>
  <dt>f</dt>
  <data>
    0. 1.40129846e-45 2.80259693e-45 4.20389539e-45 5.60519386e-45
    8.40779079e-45 9.80908925e-45 1.12103877e-44 1.68155816e-44
    1.96181785e-44 2.10194770e-44 2.24207754e-44 3.36311631e-44
    3.92363570e-44 4.20389539e-44 4.34402524e-44 4.48415509e-44
    4.62428493e-44 4.90454463e-44 5.46506401e-44 6.58610278e-44
    6.72623263e-44 6.86636248e-44 7.14662217e-44 7.70714155e-44
    7.84727140e-44 7.98740125e-44 8.26766094e-44 8.40779079e-44
    8.54792063e-44 8.68805048e-44 8.82818033e-44</data></uniformPattern>
</opencv_storage>
